{
  "cells": [
    {
      "cell_type": "markdown",
      "metadata": {
        "id": "tKgoAKY_uDg1"
      },
      "source": [
        "# PCA Analysis\n",
        "\n",
        "## Dataset\n",
        "\n",
        "Load, analyze,  and feature extraction."
      ]
    },
    {
      "cell_type": "code",
      "execution_count": 1,
      "metadata": {
        "colab": {
          "base_uri": "https://localhost:8080/",
          "height": 453
        },
        "id": "6P7MnZxLt_JM",
        "outputId": "42b750e0-48ed-4f8d-ec99-aa9d12d12539"
      },
      "outputs": [
        {
          "name": "stdout",
          "output_type": "stream",
          "text": [
            "Shapes: train_df: (192, 10) test_df: (48, 10)\n"
          ]
        },
        {
          "data": {
            "text/html": [
              "<div>\n",
              "<style scoped>\n",
              "    .dataframe tbody tr th:only-of-type {\n",
              "        vertical-align: middle;\n",
              "    }\n",
              "\n",
              "    .dataframe tbody tr th {\n",
              "        vertical-align: top;\n",
              "    }\n",
              "\n",
              "    .dataframe thead th {\n",
              "        text-align: right;\n",
              "    }\n",
              "</style>\n",
              "<table border=\"1\" class=\"dataframe\">\n",
              "  <thead>\n",
              "    <tr style=\"text-align: right;\">\n",
              "      <th></th>\n",
              "      <th>Max_Demand_GW</th>\n",
              "      <th>Plant_Production_GWh</th>\n",
              "      <th>Imports_GWh</th>\n",
              "      <th>Renewables_Production_GWh</th>\n",
              "      <th>emissions_c02_GG</th>\n",
              "      <th>GDP_bln</th>\n",
              "      <th>Population_k</th>\n",
              "      <th>tmin</th>\n",
              "      <th>tavg</th>\n",
              "      <th>tmax</th>\n",
              "    </tr>\n",
              "    <tr>\n",
              "      <th>Date</th>\n",
              "      <th></th>\n",
              "      <th></th>\n",
              "      <th></th>\n",
              "      <th></th>\n",
              "      <th></th>\n",
              "      <th></th>\n",
              "      <th></th>\n",
              "      <th></th>\n",
              "      <th></th>\n",
              "      <th></th>\n",
              "    </tr>\n",
              "  </thead>\n",
              "  <tbody>\n",
              "    <tr>\n",
              "      <th>2019-01-01</th>\n",
              "      <td>0.44</td>\n",
              "      <td>224.76</td>\n",
              "      <td>46.96</td>\n",
              "      <td>10.45</td>\n",
              "      <td>75.11</td>\n",
              "      <td>14.19</td>\n",
              "      <td>504.06</td>\n",
              "      <td>8.8</td>\n",
              "      <td>11.6</td>\n",
              "      <td>14.4</td>\n",
              "    </tr>\n",
              "    <tr>\n",
              "      <th>2019-02-01</th>\n",
              "      <td>0.43</td>\n",
              "      <td>199.54</td>\n",
              "      <td>60.59</td>\n",
              "      <td>11.93</td>\n",
              "      <td>73.41</td>\n",
              "      <td>14.19</td>\n",
              "      <td>504.06</td>\n",
              "      <td>8.7</td>\n",
              "      <td>12.0</td>\n",
              "      <td>15.3</td>\n",
              "    </tr>\n",
              "    <tr>\n",
              "      <th>2019-03-01</th>\n",
              "      <td>0.39</td>\n",
              "      <td>199.28</td>\n",
              "      <td>58.86</td>\n",
              "      <td>16.83</td>\n",
              "      <td>66.58</td>\n",
              "      <td>14.19</td>\n",
              "      <td>504.06</td>\n",
              "      <td>11.2</td>\n",
              "      <td>14.5</td>\n",
              "      <td>17.7</td>\n",
              "    </tr>\n",
              "    <tr>\n",
              "      <th>2019-04-01</th>\n",
              "      <td>0.36</td>\n",
              "      <td>186.04</td>\n",
              "      <td>44.68</td>\n",
              "      <td>17.85</td>\n",
              "      <td>61.46</td>\n",
              "      <td>14.19</td>\n",
              "      <td>504.06</td>\n",
              "      <td>12.6</td>\n",
              "      <td>15.9</td>\n",
              "      <td>19.1</td>\n",
              "    </tr>\n",
              "    <tr>\n",
              "      <th>2019-05-01</th>\n",
              "      <td>0.33</td>\n",
              "      <td>189.43</td>\n",
              "      <td>34.20</td>\n",
              "      <td>21.52</td>\n",
              "      <td>56.34</td>\n",
              "      <td>14.19</td>\n",
              "      <td>504.06</td>\n",
              "      <td>14.3</td>\n",
              "      <td>18.3</td>\n",
              "      <td>22.3</td>\n",
              "    </tr>\n",
              "    <tr>\n",
              "      <th>2019-06-01</th>\n",
              "      <td>0.45</td>\n",
              "      <td>231.40</td>\n",
              "      <td>45.46</td>\n",
              "      <td>22.85</td>\n",
              "      <td>76.82</td>\n",
              "      <td>14.19</td>\n",
              "      <td>504.06</td>\n",
              "      <td>21.3</td>\n",
              "      <td>26.3</td>\n",
              "      <td>31.4</td>\n",
              "    </tr>\n",
              "    <tr>\n",
              "      <th>2019-07-01</th>\n",
              "      <td>0.50</td>\n",
              "      <td>278.55</td>\n",
              "      <td>82.34</td>\n",
              "      <td>23.40</td>\n",
              "      <td>85.36</td>\n",
              "      <td>14.19</td>\n",
              "      <td>504.06</td>\n",
              "      <td>23.2</td>\n",
              "      <td>27.5</td>\n",
              "      <td>32.6</td>\n",
              "    </tr>\n",
              "    <tr>\n",
              "      <th>2019-08-01</th>\n",
              "      <td>0.48</td>\n",
              "      <td>283.84</td>\n",
              "      <td>69.46</td>\n",
              "      <td>21.64</td>\n",
              "      <td>81.94</td>\n",
              "      <td>14.19</td>\n",
              "      <td>504.06</td>\n",
              "      <td>23.8</td>\n",
              "      <td>28.2</td>\n",
              "      <td>32.5</td>\n",
              "    </tr>\n",
              "    <tr>\n",
              "      <th>2019-09-01</th>\n",
              "      <td>0.43</td>\n",
              "      <td>238.35</td>\n",
              "      <td>68.75</td>\n",
              "      <td>18.01</td>\n",
              "      <td>73.41</td>\n",
              "      <td>14.19</td>\n",
              "      <td>504.06</td>\n",
              "      <td>22.0</td>\n",
              "      <td>25.6</td>\n",
              "      <td>29.1</td>\n",
              "    </tr>\n",
              "    <tr>\n",
              "      <th>2019-10-01</th>\n",
              "      <td>0.39</td>\n",
              "      <td>215.51</td>\n",
              "      <td>56.06</td>\n",
              "      <td>15.06</td>\n",
              "      <td>66.58</td>\n",
              "      <td>14.19</td>\n",
              "      <td>504.06</td>\n",
              "      <td>19.0</td>\n",
              "      <td>22.3</td>\n",
              "      <td>25.5</td>\n",
              "    </tr>\n",
              "    <tr>\n",
              "      <th>2019-11-01</th>\n",
              "      <td>0.37</td>\n",
              "      <td>192.02</td>\n",
              "      <td>55.50</td>\n",
              "      <td>11.82</td>\n",
              "      <td>63.16</td>\n",
              "      <td>14.19</td>\n",
              "      <td>504.06</td>\n",
              "      <td>15.4</td>\n",
              "      <td>18.3</td>\n",
              "      <td>21.1</td>\n",
              "    </tr>\n",
              "    <tr>\n",
              "      <th>2019-12-01</th>\n",
              "      <td>0.39</td>\n",
              "      <td>198.80</td>\n",
              "      <td>33.90</td>\n",
              "      <td>10.48</td>\n",
              "      <td>66.58</td>\n",
              "      <td>14.19</td>\n",
              "      <td>504.06</td>\n",
              "      <td>13.2</td>\n",
              "      <td>15.8</td>\n",
              "      <td>18.4</td>\n",
              "    </tr>\n",
              "  </tbody>\n",
              "</table>\n",
              "</div>"
            ],
            "text/plain": [
              "            Max_Demand_GW  Plant_Production_GWh  Imports_GWh  \\\n",
              "Date                                                           \n",
              "2019-01-01           0.44                224.76        46.96   \n",
              "2019-02-01           0.43                199.54        60.59   \n",
              "2019-03-01           0.39                199.28        58.86   \n",
              "2019-04-01           0.36                186.04        44.68   \n",
              "2019-05-01           0.33                189.43        34.20   \n",
              "2019-06-01           0.45                231.40        45.46   \n",
              "2019-07-01           0.50                278.55        82.34   \n",
              "2019-08-01           0.48                283.84        69.46   \n",
              "2019-09-01           0.43                238.35        68.75   \n",
              "2019-10-01           0.39                215.51        56.06   \n",
              "2019-11-01           0.37                192.02        55.50   \n",
              "2019-12-01           0.39                198.80        33.90   \n",
              "\n",
              "            Renewables_Production_GWh  emissions_c02_GG  GDP_bln  \\\n",
              "Date                                                               \n",
              "2019-01-01                      10.45             75.11    14.19   \n",
              "2019-02-01                      11.93             73.41    14.19   \n",
              "2019-03-01                      16.83             66.58    14.19   \n",
              "2019-04-01                      17.85             61.46    14.19   \n",
              "2019-05-01                      21.52             56.34    14.19   \n",
              "2019-06-01                      22.85             76.82    14.19   \n",
              "2019-07-01                      23.40             85.36    14.19   \n",
              "2019-08-01                      21.64             81.94    14.19   \n",
              "2019-09-01                      18.01             73.41    14.19   \n",
              "2019-10-01                      15.06             66.58    14.19   \n",
              "2019-11-01                      11.82             63.16    14.19   \n",
              "2019-12-01                      10.48             66.58    14.19   \n",
              "\n",
              "            Population_k  tmin  tavg  tmax  \n",
              "Date                                        \n",
              "2019-01-01        504.06   8.8  11.6  14.4  \n",
              "2019-02-01        504.06   8.7  12.0  15.3  \n",
              "2019-03-01        504.06  11.2  14.5  17.7  \n",
              "2019-04-01        504.06  12.6  15.9  19.1  \n",
              "2019-05-01        504.06  14.3  18.3  22.3  \n",
              "2019-06-01        504.06  21.3  26.3  31.4  \n",
              "2019-07-01        504.06  23.2  27.5  32.6  \n",
              "2019-08-01        504.06  23.8  28.2  32.5  \n",
              "2019-09-01        504.06  22.0  25.6  29.1  \n",
              "2019-10-01        504.06  19.0  22.3  25.5  \n",
              "2019-11-01        504.06  15.4  18.3  21.1  \n",
              "2019-12-01        504.06  13.2  15.8  18.4  "
            ]
          },
          "execution_count": 1,
          "metadata": {},
          "output_type": "execute_result"
        }
      ],
      "source": [
        "from datetime import datetime\n",
        "import numpy as np\n",
        "import pandas as pd\n",
        "import matplotlib.pyplot as plt\n",
        "\n",
        "DATA_PATH = \"./data\"\n",
        "END_DATE = datetime(2022, 12, 31)\n",
        "\n",
        "train_df = pd.read_csv(f\"{DATA_PATH}/train_data.csv\", index_col=0, parse_dates=True)\n",
        "test_df = pd.read_csv(f\"{DATA_PATH}/test_data.csv\", index_col=0, parse_dates=True)\n",
        "test_df = test_df[test_df.index <= END_DATE]\n",
        "\n",
        "print(f\"Shapes: train_df: {train_df.shape} test_df: {test_df.shape}\")\n",
        "test_df.head(12)"
      ]
    },
    {
      "cell_type": "markdown",
      "metadata": {},
      "source": [
        "## Calculating PCA\n",
        "\n",
        "### 1. Mean normalization \n",
        "\n",
        "With a timeseries with multiple features, we first normalize each feature by subtracting the mean and scaling to unit variance. This centers the data around the mean and allows for comparison across features:\n",
        "\n",
        "$$ z = \\frac{x - \\mu}{\\sigma} $$\n",
        "Where:\n",
        "- z is the standardized value.\n",
        "- x is the original value.\n",
        "- μ is the mean of the dataset.\n",
        "- σ is the standard deviation of the dataset."
      ]
    },
    {
      "cell_type": "code",
      "execution_count": 57,
      "metadata": {},
      "outputs": [
        {
          "data": {
            "text/plain": [
              "array([[-0.22689923, -0.49916703, -0.24890281, -0.31525972, -1.13174224,\n",
              "        -1.06900099, -1.19666384, -1.16694783, -1.32583596],\n",
              "       [-0.02533371, -0.49916703, -0.24890281,  0.21889875, -1.13174224,\n",
              "        -1.06900099, -1.87538805, -1.69542156, -1.77525357],\n",
              "       [-0.45616998, -0.49916703, -0.24890281, -0.58233896, -1.13174224,\n",
              "        -1.06900099, -1.44552938, -1.26131814, -1.30855067],\n",
              "       [-1.25279546, -0.49916703, -0.24890281, -1.11649743, -1.13174224,\n",
              "        -1.06900099, -0.85730173, -0.73284442, -0.78999189],\n",
              "       [-0.9540609 , -0.49916703, -0.24890281, -1.38357666, -1.13174224,\n",
              "        -1.06900099, -0.04283268,  0.19198459,  0.26441096]])"
            ]
          },
          "execution_count": 57,
          "metadata": {},
          "output_type": "execute_result"
        }
      ],
      "source": [
        "from sklearn.decomposition import PCA\n",
        "from sklearn.preprocessing import StandardScaler\n",
        "\n",
        "TARGET = \"Max_Demand_GW\"\n",
        "FEATURES = train_df.drop([TARGET], axis=1).columns\n",
        "INDEX = \"Date\"\n",
        "\n",
        "traind_df_scaled = train_df[FEATURES].copy()\n",
        "scaler = StandardScaler()\n",
        "X_norm = scaler.fit_transform(traind_df_scaled)\n",
        "X_norm[:5]"
      ]
    },
    {
      "cell_type": "markdown",
      "metadata": {},
      "source": [
        "### 2. Mean Feature Vector\n",
        "\n",
        "\n",
        "The mean feature vector for a dataset is a vector containing the mean of each feature. A dataset with n features and m samples, and xij  represents the value of feature \n",
        "j in sample i. It is calculated as follows:\n",
        "\n",
        "$$ \\bar{x}_j = \\frac{1}{m} \\sum_{i=1}^{m} x_{ij} $$\n",
        "\n",
        "We will skip using this vecor, preferring the full mean normalization. Though this vector when subtracted by the feature matrix, centers the features around the mean.\n",
        "Below is just a representation of the mean feature vector used by the fitted scaler:"
      ]
    },
    {
      "cell_type": "code",
      "execution_count": 58,
      "metadata": {},
      "outputs": [
        {
          "data": {
            "text/plain": [
              "array([187.7309375 ,  21.40130208,   1.03640625,  50.63625   ,\n",
              "         7.61      , 425.121875  ,  16.18932292,  19.3828125 ,\n",
              "        23.2703125 ])"
            ]
          },
          "execution_count": 58,
          "metadata": {},
          "output_type": "execute_result"
        }
      ],
      "source": [
        "mean_vector = scaler.mean_\n",
        "mean_vector"
      ]
    },
    {
      "cell_type": "markdown",
      "metadata": {},
      "source": [
        "### 3. Calculate covariance matrix \n",
        "\n",
        "The covariance matrix captures the covariances between each pair of features.\n",
        "\n",
        "With a dataset with n features and m samples, and X is the matrix representation of the dataset where each row represents a sample and each column represents a feature, the covariance matrix is calculated as follows:\n",
        "\n",
        "$$ \\text{Cov}= \\frac{1}{m-1}(X - \\bar{X})^T \\cdot (X - \\bar{X}) $$\n",
        "Here:\n",
        "- X is the matrix representation of the dataset.\n",
        "- Xbar is the mean feature vector calculated for the dataset.\n",
        "- T is The transpose of a matrix, obtained by swapping its rows with column"
      ]
    },
    {
      "cell_type": "code",
      "execution_count": 59,
      "metadata": {},
      "outputs": [
        {
          "data": {
            "text/plain": [
              "array([[1.0052356 , 0.15035105, 0.26532417, 0.60551797, 0.19178881,\n",
              "        0.2082784 , 0.66327059, 0.71556322, 0.69761638],\n",
              "       [0.15035105, 1.0052356 , 0.18539193, 0.44966203, 0.70576416,\n",
              "        0.70430782, 0.0896647 , 0.05267214, 0.14361082],\n",
              "       [0.26532417, 0.18539193, 1.0052356 , 0.45022878, 0.54197872,\n",
              "        0.59968119, 0.08223977, 0.0491575 , 0.03746787],\n",
              "       [0.60551797, 0.44966203, 0.45022878, 1.0052356 , 0.71613904,\n",
              "        0.71234748, 0.4029776 , 0.32226494, 0.35301882],\n",
              "       [0.19178881, 0.70576416, 0.54197872, 0.71613904, 1.0052356 ,\n",
              "        0.99942932, 0.14807097, 0.01867131, 0.10078233],\n",
              "       [0.2082784 , 0.70430782, 0.59968119, 0.71234748, 0.99942932,\n",
              "        1.0052356 , 0.15068835, 0.01668921, 0.0926374 ],\n",
              "       [0.66327059, 0.0896647 , 0.08223977, 0.4029776 , 0.14807097,\n",
              "        0.15068835, 1.0052356 , 0.90038917, 0.89464407],\n",
              "       [0.71556322, 0.05267214, 0.0491575 , 0.32226494, 0.01867131,\n",
              "        0.01668921, 0.90038917, 1.0052356 , 0.97592766],\n",
              "       [0.69761638, 0.14361082, 0.03746787, 0.35301882, 0.10078233,\n",
              "        0.0926374 , 0.89464407, 0.97592766, 1.0052356 ]])"
            ]
          },
          "execution_count": 59,
          "metadata": {},
          "output_type": "execute_result"
        }
      ],
      "source": [
        "cov_mat = np.cov(X_norm.T)\n",
        "cov_mat"
      ]
    },
    {
      "cell_type": "markdown",
      "metadata": {},
      "source": [
        "### 4. Find Eigen values and vectors \n",
        "\n",
        "We find the eigenvectors and eigenvalues for the covariance matrix, which represent the principal components. The values and vectors are obtained by solving the characteristic equation:\n",
        "\n",
        "$$ \\text{det}(A - \\lambda I) = 0 $$\n",
        "Where:\n",
        "- λ represents the eigenvalues.\n",
        "- A is the Covariance Matrix.\n",
        "- I is the identity matrix.\n",
        "- A is the square matrix for which you want to find the eigenvalues and eigenvectors."
      ]
    },
    {
      "cell_type": "code",
      "execution_count": 60,
      "metadata": {},
      "outputs": [
        {
          "data": {
            "text/plain": [
              "(array([4.27729543e+00, 2.82144634e+00, 8.67454191e-01, 4.83813458e-01,\n",
              "        3.36557991e-01, 2.41243600e-03, 2.23259513e-02, 1.25755496e-01,\n",
              "        1.10059125e-01]),\n",
              " array([[ 0.36489427,  0.22968128, -0.22202413,  0.54053779, -0.45388039,\n",
              "         -0.02233953, -0.01785045, -0.51509369, -0.02182327],\n",
              "        [ 0.26046807, -0.30294192,  0.61252107, -0.05960421, -0.58416738,\n",
              "         -0.03284918,  0.01310337,  0.24872293, -0.23933752],\n",
              "        [ 0.23464237, -0.25741654, -0.72203951, -0.41991869, -0.33382346,\n",
              "         -0.06616181, -0.0541851 ,  0.22543286, -0.10693657],\n",
              "        [ 0.39705308, -0.15814895, -0.1219965 ,  0.58707427,  0.33211042,\n",
              "          0.02333413, -0.02246137,  0.58782135, -0.03030107],\n",
              "        [ 0.33564991, -0.40406856,  0.10481687, -0.10469055,  0.28487468,\n",
              "         -0.6773413 ,  0.03712753, -0.33002246,  0.22777827],\n",
              "        [ 0.33918128, -0.40869131,  0.05046583, -0.13769372,  0.20590745,\n",
              "          0.72800798,  0.06529431, -0.3281392 ,  0.10994971],\n",
              "        [ 0.35398969,  0.34649553,  0.06128003, -0.2364712 ,  0.32565314,\n",
              "         -0.04653974, -0.05841568, -0.12025037, -0.75423459],\n",
              "        [ 0.3322397 ,  0.41358781,  0.04885595, -0.20962048, -0.03468278,\n",
              "          0.00705821,  0.73630862,  0.17009295,  0.31606891],\n",
              "        [ 0.35057616,  0.37786813,  0.14008388, -0.23129912, -0.01418808,\n",
              "          0.04997385, -0.66698168,  0.12837273,  0.44401178]]))"
            ]
          },
          "execution_count": 60,
          "metadata": {},
          "output_type": "execute_result"
        }
      ],
      "source": [
        "eigen_values, eigen_vectors = np.linalg.eig(cov_mat)\n",
        "eigen_values, eigen_vectors"
      ]
    },
    {
      "cell_type": "markdown",
      "metadata": {},
      "source": [
        "### 5. Sort eigenvalues\n",
        "\n",
        "Sort the eigenvalues and corresponding eigenvectors from high to low to determine the principal components in order of significance:"
      ]
    },
    {
      "cell_type": "code",
      "execution_count": 61,
      "metadata": {},
      "outputs": [
        {
          "data": {
            "text/plain": [
              "(array([4.27729543e+00, 2.82144634e+00, 8.67454191e-01, 4.83813458e-01,\n",
              "        3.36557991e-01, 1.25755496e-01, 1.10059125e-01, 2.23259513e-02,\n",
              "        2.41243600e-03]),\n",
              " array([[ 0.36489427,  0.22968128, -0.22202413,  0.54053779, -0.45388039,\n",
              "         -0.51509369, -0.02182327, -0.01785045, -0.02233953],\n",
              "        [ 0.26046807, -0.30294192,  0.61252107, -0.05960421, -0.58416738,\n",
              "          0.24872293, -0.23933752,  0.01310337, -0.03284918],\n",
              "        [ 0.23464237, -0.25741654, -0.72203951, -0.41991869, -0.33382346,\n",
              "          0.22543286, -0.10693657, -0.0541851 , -0.06616181],\n",
              "        [ 0.39705308, -0.15814895, -0.1219965 ,  0.58707427,  0.33211042,\n",
              "          0.58782135, -0.03030107, -0.02246137,  0.02333413],\n",
              "        [ 0.33564991, -0.40406856,  0.10481687, -0.10469055,  0.28487468,\n",
              "         -0.33002246,  0.22777827,  0.03712753, -0.6773413 ],\n",
              "        [ 0.33918128, -0.40869131,  0.05046583, -0.13769372,  0.20590745,\n",
              "         -0.3281392 ,  0.10994971,  0.06529431,  0.72800798],\n",
              "        [ 0.35398969,  0.34649553,  0.06128003, -0.2364712 ,  0.32565314,\n",
              "         -0.12025037, -0.75423459, -0.05841568, -0.04653974],\n",
              "        [ 0.3322397 ,  0.41358781,  0.04885595, -0.20962048, -0.03468278,\n",
              "          0.17009295,  0.31606891,  0.73630862,  0.00705821],\n",
              "        [ 0.35057616,  0.37786813,  0.14008388, -0.23129912, -0.01418808,\n",
              "          0.12837273,  0.44401178, -0.66698168,  0.04997385]]))"
            ]
          },
          "execution_count": 61,
          "metadata": {},
          "output_type": "execute_result"
        }
      ],
      "source": [
        "idx = eigen_values.argsort()[::-1]\n",
        "eigen_values = eigen_values[idx]\n",
        "eigen_vectors = eigen_vectors[:, idx]\n",
        "eigen_values, eigen_vectors"
      ]
    },
    {
      "cell_type": "markdown",
      "metadata": {},
      "source": [
        "### 6. Calculate explained variance \n",
        "\n",
        "How much variance is captured by each principal component's eigen vector?"
      ]
    },
    {
      "cell_type": "code",
      "execution_count": 62,
      "metadata": {},
      "outputs": [
        {
          "data": {
            "text/plain": [
              "([47.27797611839881,\n",
              "  31.186125635992774,\n",
              "  9.58818000448247,\n",
              "  5.347706621448432,\n",
              "  3.7200564974601074,\n",
              "  1.39000577262014,\n",
              "  1.2165099997964373,\n",
              "  0.24677411393554316,\n",
              "  0.02666523586528865],\n",
              " array([ 47.27797612,  78.46410175,  88.05228176,  93.39998838,\n",
              "         97.12004488,  98.51005065,  99.72656065,  99.97333476,\n",
              "        100.        ]))"
            ]
          },
          "execution_count": 62,
          "metadata": {},
          "output_type": "execute_result"
        }
      ],
      "source": [
        "tot = sum(eigen_values)\n",
        "var_exp = [(i / tot) * 100.0 for i in sorted(eigen_values, reverse=True)]\n",
        "cum_var_exp = np.cumsum(var_exp)\n",
        "var_exp, cum_var_exp"
      ]
    },
    {
      "cell_type": "markdown",
      "metadata": {},
      "source": [
        "### 7. Select number of components for 95% varianc\n",
        "\n",
        "Take the smallest number of components that explains at least 95% of variance:"
      ]
    },
    {
      "cell_type": "code",
      "execution_count": 63,
      "metadata": {},
      "outputs": [
        {
          "name": "stdout",
          "output_type": "stream",
          "text": [
            "Number of components that can explain 95.0% variance is: 5\n"
          ]
        }
      ],
      "source": [
        "TARGET_VAR = 95.0\n",
        "num_components = np.argmax(cum_var_exp > TARGET_VAR) + 1  # argmax is index (0..n)\n",
        "print(\n",
        "    f\"Number of components that can explain {TARGET_VAR}% variance is: {num_components}\"\n",
        ")"
      ]
    },
    {
      "cell_type": "markdown",
      "metadata": {},
      "source": [
        "### 8. Visualize \n",
        "\n",
        "Here we interpret loadings:"
      ]
    },
    {
      "cell_type": "code",
      "execution_count": 64,
      "metadata": {},
      "outputs": [
        {
          "data": {
